15807275;5531.16
15807595;5530.90
15807915;5530.65
15808235;5530.40
15808555;5530.15
15808875;5529.90
15809195;5529.64
15809515;5529.39
15809835;5529.14
15810155;5528.88
15810475;5528.63
15810795;5528.38
15811115;5528.12
15811435;5527.86
15811755;5527.61
15812075;5527.35
15812395;5527.10
15812715;5526.84
15813035;5526.58
15813355;5526.32
15813675;5526.06
15813995;5525.81
15814315;5525.55
15814635;5525.29
15814955;5525.03
15815275;5524.77
15815595;5524.51
15815915;5524.24
15816235;5523.98
15816555;5523.72
15816875;5523.46
15817195;5523.20
15817495;5522.94
15817815;5522.68
15818135;5522.42
15818455;5522.15
15818775;5521.89
15819105;5521.62
15819425;5521.36
15819745;5521.09
15820065;5520.82
15820375;5520.56
15820695;5520.29
15821015;5520.02
15821335;5519.75
15821665;5519.48
15821985;5519.21
15822305;5518.94
15822625;5518.67
15822935;5518.40
15823255;5518.13
15823575;5517.86
15823895;5517.59
15824225;5517.32
15824545;5517.04
15824865;5516.77
15825185;5516.50
15825495;5516.22
15825815;5515.95
15826135;5515.67
15826455;5515.40
15826775;5515.12
15827105;5514.85
15827425;5514.57
15827745;5514.29
15828065;5514.01
15828375;5513.74
15828695;5513.46
15829015;5513.18
15829335;5512.90
15829665;5512.62
15829985;5512.34
15830305;5512.06
15830625;5511.78
15830935;5511.49
15831255;5511.21
15831575;5510.93
15831895;5510.65
15832225;5510.36
15832545;5510.08
15832865;5509.80
15833185;5509.51
15833495;5509.23
15833815;5508.94
15833995;5508.78
15834315;5508.49
15834635;5508.20
15834955;5507.92
15835275;5507.63
15835605;5507.34
15835925;5507.05
15836245;5506.76
15836565;5506.47
15836875;5506.18
15837195;5505.89
15837515;5505.60
15837835;5505.31
15838165;5505.02
15838485;5504.72
15838805;5504.43
15839125;5504.14
15839435;5503.84
15839755;5503.55
15840075;5503.25
15840395;5502.96
15840725;5502.66
15841045;5502.37
15841365;5502.07
15841685;5501.77
15841995;5501.47
15842315;5501.18
15842635;5500.88
15842955;5500.58
15843275;5500.28
15843605;5499.98
15843925;5499.68
15844245;5499.37
15844565;5499.07
15844875;5498.77
15845195;5498.47
15845515;5498.16
15845835;5497.86
15846165;5497.56
15846485;5497.25
15846805;5496.95
15847125;5496.64
15847435;5496.33
15847755;5496.03
15848075;5495.72
15848395;5495.41
15848725;5495.10
15849045;5494.80
15849365;5494.49
15849685;5494.18
15849995;5493.87
15850315;5493.56
15850755;5493.14
15851065;5492.82
15851385;5492.51
15851705;5492.20
15852025;5491.89
15852355;5491.57
15852675;5491.26
15852995;5490.94
15853315;5490.63
15853625;5490.31
15853945;5489.99
15854265;5489.68
15854585;5489.36
15854915;5489.04
15855235;5488.72
15855555;5488.40
15855875;5488.08
15856185;5487.76
15856505;5487.44
15856825;5487.12
15857145;5486.80
15857475;5486.47
15857795;5486.15
15858115;5485.83
15858435;5485.50
15858755;5485.18
15859065;5484.85
15859385;5484.53
15859705;5484.20
15860025;5483.88
15860355;5483.55
15860675;5483.22
15860995;5482.89
15861315;5482.56
15861625;5482.23
15861945;5481.90
15862265;5481.57
15862585;5481.24
15862915;5480.91
15863235;5480.58
15863555;5480.25
15863875;5479.91
15864185;5479.58
15864505;5479.24
15864825;5478.91
15865145;5478.57
15865475;5478.24
15865795;5477.90
15866115;5477.56
15866435;5477.23
15866755;5476.89
15867065;5476.55
15867375;5476.22
15867695;5475.88
15868015;5475.54
15868335;5475.20
15868655;5474.86
15868975;5474.52
15869295;5474.18
15869615;5473.83
15869935;5473.49
15870255;5473.14
15870575;5472.80
15870895;5472.45
15871215;5472.11
15871535;5471.76
15871855;5471.41
15872175;5471.06
15872495;5470.72
15872815;5470.37
15873135;5470.02
15873455;5469.67
15873775;5469.32
15874095;5468.96
15874415;5468.61
15874735;5468.26
15875055;5467.91
15875375;5467.55
15875695;5467.20
15876015;5466.84
15876335;5466.49
15876655;5466.13
15876975;5465.77
15877295;5465.42
15877615;5465.06
15877935;5464.70
15878255;5464.34
15878575;5463.98
15878895;5463.62
15879215;5463.26
15879535;5462.90
15879855;5462.53
15880175;5462.17
15880495;5461.81
15880815;5461.44
15881135;5461.08
15881455;5460.71
15881775;5460.35
15882095;5459.98
15882415;5459.61
15882735;5459.25
15883055;5458.88
15883375;5458.51
15883695;5458.14
15883995;5457.79
15884315;5457.41
15884635;5457.04
15884965;5456.67
15885285;5456.30
15885595;5455.92
15885915;5455.55
15886245;5455.18
15886565;5454.80
15886875;5454.42
15887195;5454.05
15887525;5453.67
15887845;5453.29
15888155;5452.91
15888475;5452.53
15888805;5452.15
15889125;5451.77
15889435;5451.39
15889755;5451.01
15890085;5450.63
15890405;5450.25
15890715;5449.86
15891035;5449.48
15891365;5449.09
15891685;5448.71
15891995;5448.32
15892315;5447.93
15892635;5447.54
15892965;5447.16
15893285;5446.77
15893595;5446.38
15893915;5445.99
15894245;5445.60
15894565;5445.20
15894875;5444.81
15895195;5444.42
15895525;5444.03
15895845;5443.63
15896155;5443.24
15896475;5442.84
15896805;5442.44
15897125;5442.05
15897435;5441.65
15897755;5441.25
15898085;5440.85
15898405;5440.45
15898715;5440.05
15899035;5439.65
15899365;5439.25
15899685;5438.85
15899995;5438.44
15900315;5438.04
15900625;5437.65
15900945;5437.25
15901265;5436.84
15901585;5436.43
15901905;5436.03
15902225;5435.62
15902545;5435.21
15902865;5434.80
15903185;5434.39
15903505;5433.98
15903825;5433.57
15904145;5433.15
15904465;5432.74
15904785;5432.33
15905105;5431.91
15905425;5431.50
15905745;5431.08
15906065;5430.67
15906385;5430.25
15906705;5429.83
15907025;5429.41
15907345;5428.99
15907665;5428.57
15907985;5428.15
15908305;5427.73
15908625;5427.31
15908945;5426.88
15909265;5426.46
15909585;5426.03
15909905;5425.61
15910225;5425.18
15910545;5424.76
15910865;5424.33
15911185;5423.90
15911505;5423.47
15911825;5423.04
15912145;5422.61
15912465;5422.18
15912785;5421.75
15913105;5421.31
15913425;5420.88
15913745;5420.44
15914065;5420.01
15914385;5419.57
15914705;5419.14
15915025;5418.70
15915345;5418.26
15915665;5417.82
15915985;5417.38
15916305;5416.94
15916625;5416.50
15916945;5416.06
15917255;5415.64
15917565;5415.19
15917885;5414.75
15918215;5414.30
15918535;5413.86
15918845;5413.41
15919165;5412.96
15919495;5412.51
15919815;5412.06
15920125;5411.61
15920445;5411.16
15920775;5410.71
15921095;5410.26
15921405;5409.81
15921725;5409.35
15922055;5408.90
15922375;5408.44
15922685;5407.98
15923005;5407.53
15923335;5407.07
15923655;5406.61
15923965;5406.15
15924285;5405.69
15924615;5405.23
15924935;5404.77
15925255;5404.30
15925565;5403.84
15925885;5403.37
15926215;5402.91
15926535;5402.44
15926845;5401.97
15927165;5401.51
15927495;5401.04
15927815;5400.57
15928125;5400.10
15928445;5399.62
15928775;5399.15
15929095;5398.68
15929405;5398.20
15929725;5397.73
15930055;5397.25
15930375;5396.78
15930685;5396.30
15931005;5395.82
15931335;5395.34
15931655;5394.86
15931965;5394.38
15932285;5393.90
15932615;5393.41
15932935;5392.93
15933255;5392.45
15933565;5391.96
15933875;5391.50
15934195;5391.01
15934515;5390.52
15934835;5390.03
15935155;5389.54
15935475;5389.05
15935795;5388.56
15936115;5388.07
15936435;5387.57
15936755;5387.08
15937075;5386.58
15937395;5386.09
15937715;5385.59
15938035;5385.09
15938355;5384.59
15938675;5384.09
15938995;5383.59
15939315;5383.09
15939635;5382.58
15939955;5382.08
15940275;5381.57
15940595;5381.07
15940915;5380.56
15941235;5380.05
15941555;5379.54
15941875;5379.04
15942195;5378.52
15942515;5378.01
15942835;5377.50
15943155;5376.99
15943475;5376.47
15943795;5375.95
15944115;5375.44
15944435;5374.92
15944755;5374.40
15945075;5373.88
15945395;5373.36
15945715;5372.83
15946035;5372.31
15946355;5371.79
15946675;5371.26
15946995;5370.73
15947315;5370.21
15947635;5369.68
15947955;5369.15
15948275;5368.61
15948595;5368.08
15948915;5367.55
15949235;5367.01
15949555;5366.48
15949875;5365.94
15950195;5365.40
15950495;5364.89
15950815;5364.35
15951135;5363.81
15951465;5363.26
15951785;5362.72
15952095;5362.18
15952415;5361.63
15952745;5361.08
15953065;5360.53
15953375;5359.98
15953695;5359.43
15954025;5358.88
15954345;5358.33
15954655;5357.77
15954975;5357.22
15955305;5356.66
15955625;5356.10
15955935;5355.54
15956255;5354.98
15956585;5354.42
15956905;5353.86
15957215;5353.29
15957535;5352.73
15957865;5352.16
15958185;5351.59
15958495;5351.02
15958815;5350.45
15959135;5349.88
15959465;5349.30
15959785;5348.73
15960095;5348.15
15960415;5347.57
15960745;5347.00
15961065;5346.41
15961375;5345.83
15961695;5345.25
15962025;5344.66
15962345;5344.08
15962655;5343.49
15962975;5342.90
15963305;5342.31
15963625;5341.72
15963935;5341.12
15964255;5340.53
15964585;5339.93
15964905;5339.33
15965215;5338.73
15965535;5338.13
15965865;5337.52
15966185;5336.92
15966495;5336.31
15966815;5335.70
15967255;5334.87
15967565;5334.26
15967885;5333.64
15968215;5333.03
15968535;5332.40
15968845;5331.78
15969165;5331.16
15969495;5330.53
15969815;5329.90
15970125;5329.27
15970445;5328.63
15970775;5328.00
15971095;5327.36
15971405;5326.72
15971725;5326.08
15972055;5325.43
15972375;5324.79
15972685;5324.14
15973005;5323.49
15973335;5322.83
15973655;5322.18
15973965;5321.52
15974285;5320.86
15974615;5320.19
15974935;5319.53
15975255;5318.86
15975565;5318.19
15975885;5317.51
15976215;5316.84
15976535;5316.16
15976845;5315.47
15977165;5314.79
15977495;5314.10
15977815;5313.41
15978125;5312.72
15978445;5312.02
15978775;5311.32
15979095;5310.62
15979405;5309.91
15979725;5309.21
15980055;5308.49
15980375;5307.78
15980685;5307.06
15981005;5306.34
15981335;5305.61
15981655;5304.88
15981965;5304.14
15982285;5303.40
15982615;5302.66
15982935;5301.91
15983255;5301.15
15983565;5300.39
15983875;5299.66
15984195;5298.90
15984515;5298.12
15984835;5297.34
15985155;5296.56
15985475;5295.78
15985795;5294.98
15986115;5294.19
15986435;5293.38
15986755;5292.57
15987075;5291.76
15987395;5290.94
15987715;5290.11
15988035;5289.28
15988355;5288.45
15988675;5287.61
15988995;5286.76
15989315;5285.91
15989635;5285.05
15989955;5284.18
15990275;5283.31
15990595;5282.42
15990915;5281.53
15991235;5280.64
15991555;5279.73
15991875;5278.82
15992195;5277.90
15992515;5276.97
15992835;5276.04
15993155;5275.09
15993475;5274.13
15993795;5273.16
15994115;5272.18
15994435;5271.20
15994755;5270.20
15995075;5269.19
15995395;5268.17
15995715;5267.14
15996035;5266.10
15996355;5265.04
15996675;5263.97
15996995;5262.88
15997315;5261.79
15997635;5260.68
15997955;5259.56
15998275;5258.41
15998595;5257.21
15998915;5256.00
15999235;5254.77
15999555;5253.53
15999875;5252.25
16000195;5250.95
16000495;5249.69
16000815;5248.35
16001145;5246.98
16001455;5245.59
16001785;5244.18
16002095;5242.74
16002425;5241.27
16002735;5239.79
16003065;5238.28
16003375;5236.74
16003705;5235.17
16004015;5233.57
16004345;5231.95
16004655;5230.30
16004985;5228.63
16005295;5226.90
16005625;5225.15
16005935;5223.36
16006265;5221.54
16006575;5219.67
16006905;5217.77
16007215;5215.84
16007545;5213.87
16007855;5211.87
16008185;5209.83
16008495;5207.73
16008815;5205.58
16009145;5203.38
16009455;5201.12
16009785;5198.81
16010095;5196.44
16010425;5194.02
16010735;5191.56
16011065;5189.06
16011375;5186.51
16011705;5183.90
16012015;5181.25
16012345;5178.55
16012655;5175.79
16012985;5172.98
16013295;5170.10
16013625;5167.14
16013935;5164.07
16014265;5160.94
16014575;5157.74
16014905;5154.46
16015215;5151.06
16015545;5147.58
16015855;5144.03
16016185;5140.40
16016495;5136.68
16016815;5132.88
16017125;5129.18
16017445;5125.23
16017765;5121.15
16018085;5116.95
16018405;5112.64
16018725;5108.19
16019045;5103.61
16019365;5098.93
16019685;5094.15
16020005;5089.24
16020325;5084.23
16020645;5079.13
16020965;5073.92
16021285;5068.58
16021605;5063.09
16021925;5057.47
16022245;5051.69
16022565;5045.76
16022885;5039.70
16023205;5033.51
16023525;5027.21
16023845;5020.75
16024165;5014.13
16024485;5007.34
16024805;5000.42
16025125;4993.33
16025445;4985.98
16025765;4978.43
16026085;4970.70
16026405;4962.80
16026725;4954.80
16027045;4946.53
16027365;4938.02
16027685;4929.31
16028005;4920.42
16028325;4911.32
16028645;4902.00
16028965;4892.47
16029285;4882.72
16029605;4872.72
16029925;4862.44
16030245;4851.90
16030565;4841.10
16030885;4830.01
16031205;4818.68
16031525;4807.09
16031845;4795.24
16032165;4783.09
16032485;4770.68
16032805;4757.98
16033125;4744.97
16033445;4731.65
16033755;4718.64
16034065;4704.70
16034395;4690.47
16034705;4675.93
16035035;4661.08
16035345;4645.90
16035675;4630.36
16035985;4614.47
16036315;4598.23
16036625;4581.63
16036955;4564.66
16037265;4547.37
16037595;4529.81
16037905;4511.91
16038235;4493.66
16038545;4475.00
16038875;4455.93
16039185;4436.53
16039515;4416.82
16039825;4396.76
16040155;4376.34
16040465;4355.54
16040795;4334.36
16041105;4312.81
16041435;4290.89
16041755;4268.60
16042065;4245.93
16042395;4222.90
16042705;4199.50
16043035;4175.77
16043345;4151.68
16043675;4127.25
16043985;4102.47
16044315;4077.33
16044625;4051.84
16044955;4025.96
16045265;3999.74
16045595;3973.18
16045905;3946.34
16046235;3919.22
16046545;3891.81
16046875;3864.13
16047185;3836.20
16047515;3807.99
16047825;3779.46
16048155;3750.64
16048465;3721.48
16048795;3692.04
16049105;3662.35
16049435;3632.40
16049755;3602.24
16050065;3571.87
16050375;3542.79
16050695;3512.04
16051015;3481.10
16051335;3450.10
16051655;3419.06
16051975;3387.86
16052295;3356.59
16052615;3325.29
16052935;3293.84
16053255;3262.28
16053575;3230.53
16053895;3198.55
16054215;3166.59
16054535;3134.60
16054855;3102.62
16055175;3070.76
16055495;3038.83
16055815;3006.79
16056135;2974.78
16056455;2942.80
16056775;2910.82
16057095;2878.88
16057415;2847.04
16057735;2815.21
16058055;2783.52
16058375;2751.94
16058695;2720.49
16059015;2689.20
16059335;2658.02
16059655;2626.97
16059975;2596.11
16060295;2565.48
16060615;2535.10
16060935;2504.91
16061255;2474.88
16061575;2445.00
16061895;2415.30
16062215;2385.76
16062535;2356.35
16062855;2327.16
16063175;2298.16
16063495;2269.37
16063815;2240.84
16064135;2212.52
16064455;2184.41
16064775;2156.58
16065095;2129.03
16065415;2101.80
16065735;2074.86
16066055;2048.20
16066375;2021.86
16066695;1995.84
16066995;1971.34
16067325;1945.95
16067645;1920.88
16067965;1896.04
16068285;1871.52
16068605;1847.35
16068925;1823.43
16069245;1799.83
16069565;1776.58
16069885;1753.67
16070205;1731.09
16070525;1708.83
16070845;1686.89
16071155;1665.27
16071475;1643.92
16071795;1622.88
16072115;1602.10
16072435;1581.62
16072755;1561.46
16073075;1541.58
16073395;1521.98
16073715;1502.66
16074035;1483.61
16074355;1464.89
16074675;1446.46
16074995;1428.32
16075325;1410.44
16075645;1392.85
16075965;1375.50
16076285;1358.41
16076605;1341.60
16076925;1325.09
16077245;1308.84
16077565;1292.82
16077885;1277.05
16078205;1261.54
16078525;1246.29
16078845;1231.29
16079155;1216.52
16079475;1201.96
16079795;1187.66
16080115;1173.58
16080435;1159.75
16080755;1146.14
16081075;1132.75
16081395;1119.53
16081715;1106.47
16082035;1093.58
16082355;1080.90
16082675;1068.41
16082995;1056.09
16083325;1043.94
16083625;1032.52
16083945;1020.72
16084265;1009.10
16084585; 997.66
16084905; 986.38
16085225; 975.25
16085545; 964.28
16085865; 953.48
16086185; 942.84
16086505; 932.37
16086825; 922.08
16087145; 911.93
16087465; 901.93
16087785; 892.10
16088105; 882.43
16088425; 872.90
16088745; 863.51
16089065; 854.25
16089385; 845.13
16089705; 836.15
16090025; 827.32
16090345; 818.64
16090665; 810.11
16090985; 801.72
16091305; 793.48
16091625; 785.34
16091945; 777.32
16092265; 769.41
16092585; 761.61
16092905; 753.94
16093225; 746.35
16093545; 738.84
16093865; 731.44
16094185; 724.15
16094505; 716.97
16094825; 709.90
16095145; 702.93
16095465; 696.05
16095785; 689.26
16096105; 682.55
16096425; 675.95
16096745; 669.44
16097065; 663.02
16097385; 656.68
16097705; 650.42
16098025; 644.25
16098345; 638.17
16098665; 632.18
16098985; 626.28
16099305; 620.46
16099625; 614.74
16099945; 609.11
16100375; 601.65
16100695; 596.19
16101015; 590.82
16101335; 585.53
16101655; 580.32
16101975; 575.19
16102295; 570.13
16102615; 565.13
16102935; 560.16
16103255; 555.23
16103575; 550.36
16103895; 545.56
16104215; 540.83
16104535; 536.17
16104855; 531.58
16105175; 527.06
16105495; 522.59
16105815; 518.20
16106135; 513.88
16106455; 509.61
16106775; 505.42
16107095; 501.29
16107415; 497.22
16107735; 493.21
16108055; 489.25
16108375; 485.36
16108695; 481.53
16109015; 477.74
16109335; 474.02
16109655; 470.34
16109975; 466.73
16110295; 463.17
16110615; 459.64
16110935; 456.17
16111255; 452.73
16111575; 449.33
16111895; 445.97
16112215; 442.66
16112535; 439.40
16112855; 436.17
16113175; 432.98
16113495; 429.82
16113815; 426.71
16114135; 423.63
16114455; 420.60
16114775; 417.62
16115095; 414.68
16115415; 411.79
16115735; 408.94
16116055; 406.11
16116375; 403.33
16116695; 400.58
16116995; 398.01
16117325; 395.35
16117645; 392.73
16117965; 390.14
16118275; 387.58
16118595; 385.05
16118915; 382.57
16119245; 380.11
16119565; 377.70
16119875; 375.33
16120205; 372.98
16120515; 370.67
16120835; 368.39
16121165; 366.15
16121485; 363.93
16121795; 361.75
16122125; 359.59
16122445; 357.46
16122755; 355.36
16123085; 353.28
16123405; 351.23
16123715; 349.21
16124045; 347.21
16124355; 345.24
16124685; 343.29
16124995; 341.35
16125315; 339.44
16125645; 337.57
16125955; 335.71
16126285; 333.88
16126605; 332.07
16126925; 330.27
16127235; 328.48
16127555; 326.73
      10; 325.58
     330; 323.85
     650; 322.15
     960; 320.42
    1280; 318.26
    1600; 316.05
    1930; 313.83
    2250; 311.67
    2560; 309.79
    2880; 308.00
    3210; 306.29
    3520; 304.70
    3850; 302.98
    4170; 300.98
    4490; 296.91
    4800; 288.68
    5120; 281.05
    5450; 273.73
    5620; 269.86
    5950; 263.32
    6260; 257.11
    6580; 251.19
    6910; 245.53
    7220; 240.51
    7540; 235.45
    7870; 230.66
    8189; 226.23
    8510; 222.28
    8820; 218.38
    9140; 214.78
    9460; 211.45
    9790; 208.17
   10120; 204.75
   10370; 202.43
   10610; 200.10
   10850; 198.01
   11090; 195.84
   11320; 193.72
   11560; 191.64
   11800; 189.60
   12040; 187.73
   12290; 185.94
   12530; 184.14
   12770; 182.47
   13010; 180.60
   13240; 178.87
   13480; 177.28
   13720; 175.66
   13960; 174.15
   14210; 172.48
   14450; 170.86
   14690; 169.42
   14930; 168.03
   15160; 166.57
   15400; 165.24
   15640; 163.97
   15880; 162.73
   16120; 161.49
   16360; 160.33
   16610; 159.27
   16840; 158.00
   17090; 156.92
   17320; 155.77
   17570; 154.65
   17800; 153.57
   18050; 152.57
   18290; 151.52
   18520; 150.48
   18770; 149.49
   19000; 148.50
   19250; 147.62
   19480; 146.75
   19730; 145.85
   19960; 145.00
   20200; 144.15
   20450; 143.26
   20680; 142.42
   20930; 141.64
   21160; 140.94
   21410; 140.20
   21640; 139.43
   21890; 138.67
   22120; 137.94
   22360; 137.19
   22620; 136.45
   22860; 135.76
   23110; 135.09
   23340; 134.44
   23590; 133.77
   23820; 133.14
   24070; 132.53
   24300; 131.97
   24550; 131.40
   24790; 130.83
   25020; 130.24
   25270; 129.69
   25500; 129.10
   25750; 128.54
   25980; 128.05
   26230; 127.54
   26460; 127.07
   26700; 126.63
   26950; 126.19
   27180; 125.63
   27430; 125.09
   27660; 124.50
   27910; 123.93
   28140; 123.37
   28390; 122.81
   28620; 122.31
   28860; 121.83
   29110; 121.39
   29340; 120.94
   29590; 120.50
   29820; 120.07
   30070; 119.62
   30300; 119.21
   30550; 118.80
   30790; 118.38
   31020; 117.92
   31270; 117.43
   31500; 116.95
   31750; 116.50
   31980; 116.05
   32229; 115.48
   60545;  43.94
   65226;  43.94
   69906;  50.62
   74587;  42.25
   79267;  41.29
   83948;  55.29
   88629;  54.53
   93309;  46.52
   97990;  46.04
  102672;  52.75
  107362;  52.21
  112051;  51.73
  116741;  51.31
  121430;  50.83
  126119;  50.54
  130809;  50.11
  135498;  56.73
  140188;  49.98
  150042;  49.65
  154708;  55.59
  159375;  48.47
  164042;  48.10
  168708;  47.65
  173375;  47.17
  178042;  53.53
  182708;  53.23
  187375;  52.89
  192044;  46.07
  196718;  45.75
  201393;  51.94
  206068;  51.58
  210743;  51.18
  215417;  50.98
  220092;  50.76
  224767;  50.44
  229441;  47.43
  239542;  47.13
  244208;  49.18
  248875;  48.86
  253542;  48.52
  258208;  48.16
  262875;  47.92
  267542;  41.79
  272208;  41.51
  276875;  47.16
  281542;  52.73
  286208;  52.44
  290875;  46.32
  295542;  45.94
  300208;  45.55
  304875;  45.46
  309542;  45.36
  314208;  45.14
  318875;  50.49
  323540;  50.32
  328200;  39.05
  332860;  44.26
  337520;  49.47
  342180;  43.77
  346840;  43.58
  351500;  48.69
  356160;  48.44
  360820;  44.48
  370667;  43.92
  375333;  41.53
  380000;  46.47
  384667;  46.14
  389333;  40.96
  394000;  45.82
  398667;  45.44
  403333;  39.97
  408000;  44.56
  412665;  44.41
  417325;  39.42
  421985;  44.12
  426645;  43.93
  431305;  43.67
  435965;  43.47
  440625;  38.48
  445285;  42.94
  449945;  42.59
  459792;  42.36
  464458;  42.03
  469125;  41.79
  473792;  41.56
  478458;  41.31
  483125;  41.19
  487792;  40.96
  492458;  45.14
  497125;  44.82
  501792;  40.17
  506458;  40.00
  511125;  39.85
  515792;  39.67
  520457;  43.89
  525125;  39.44
  529792;  39.26
  534458;  39.03
  539125;  38.74
  543794;  42.78
  548468;  38.42
  553143;  38.24
  557818;  42.24
  562492;  41.97
  567167;  37.52
  571842;  37.25
  576517;  41.19
  581191;  39.48
  591038;  39.29
  595691;  40.46
  600344;  40.32
  604996;  40.24
  609649;  40.07
  614302;  39.96
  618955;  39.92
  623608;  35.90
  628260;  31.80
  632919;  35.49
  637593;  39.17
  642268;  42.83
  646943;  42.57
  651617;  38.50
  656292;  38.38
  660967;  38.12
  665642;  41.62
  670316;  38.80
  680163;  38.46
  684816;  37.07
  689469;  33.32
  694121;  36.83
  698774;  36.66
  703427;  36.45
  708080;  36.19
  712733;  35.95
  717385;  35.78
  722042;  35.57
  726708;  35.39
  731375;  38.78
  736042;  38.64
  740708;  35.03
  745375;  34.93
  750042;  34.80
  754708;  38.08
  759375;  37.89
  764044;  37.58
  768718;  37.38
  773393;  33.88
  778068;  33.79
  782742;  36.98
  787417;  36.82
  792092;  33.31
  796767;  36.42
  801441;  35.25
  811542;  32.86
  816208;  35.65
  820875;  35.45
  825542;  35.27
  830208;  35.12
  834875;  34.92
  839542;  34.71
  844208;  34.44
  848875;  37.25
  853533;  34.02
  858163;  30.93
  862794;  33.87
  867424;  33.75
  872055;  33.59
  876686;  33.41
  881316;  33.21
  885947;  33.05
  890577;  36.23
  900417;  37.70
  905083;  39.30
  909750;  43.11
  914417;  44.96
  919083;  50.06
  923750;  52.84
  928417;  56.19
  933083;  59.75
  937750;  60.98
  942413;  62.66
  947066;  64.27
  951719;  65.61
  956371;  69.42
  961024;  70.85
  965677;  69.84
  970330;  73.34
  974983;  73.86
  979635;  71.39
  984294;  75.52
  988968;  73.13
  993643;  71.42
  998318;  73.95
 1002992;  71.98
 1007667;  72.58
 1012342;  72.95
 1017017;  75.06
 1021691;  72.83
 1031541;  72.34
 1036208;  73.42
 1040875;  73.31
 1045541;  72.86
 1050208;  70.04
 1054875;  72.93
 1059542;  73.44
 1064208;  69.16
 1068875;  69.07
 1073544;  70.64
 1078218;  68.72
 1082893;  68.30
 1087568;  69.54
 1092243;  68.89
 1096917;  68.12
 1101592;  66.82
 1106267;  67.74
 1110941;  66.45
 1120667;  65.88
 1125333;  67.47
 1130000;  66.94
 1134667;  64.52
 1139333;  63.90
 1144000;  65.42
 1148667;  64.37
 1153333;  61.73
 1158000;  61.44
 1162663;  63.03
 1167316;  62.79
 1171969;  62.15
 1176621;  62.85
 1181274;  62.39
 1185927;  60.65
 1190580;  61.95
 1195233;  61.57
 1199885;  60.89
 1204544;  62.69
 1209218;  60.31
 1213893;  59.07
 1218568;  60.19
 1223243;  62.03
 1227917;  61.02
 1232592;  56.32
 1237267;  56.41
 1241941;  57.83
 1251663;  58.12
 1256316;  59.55
 1260969;  55.58
 1265621;  52.55
 1270274;  55.67
 1274927;  54.23
 1279580;  53.58
 1284233;  54.41
 1288885;  54.05
 1293540;  54.89
 1298200;  55.63
 1302860;  55.11
 1307520;  54.38
 1312180;  54.86
 1316840;  53.15
 1321500;  52.84
 1326160;  53.69
 1330820;  51.45
 1340663;  50.89
 1345316;  51.70
 1349969;  51.41
 1354621;  51.34
 1359274;  50.89
 1363927;  50.30
 1368580;  50.09
 1373233;  50.96
 1377885;  50.59
 1382531;  50.26
 1387156;  50.99
 1391781;  50.29
 1396406;  49.50
 1401031;  49.29
 1405656;  48.05
 1410281;  47.65
 1414906;  48.65
 1419531;  48.15
 1424161;  47.56
 1428807;  47.03
 1433452;  46.54
 1438097;  47.23
 1442743;  47.80
 1447388;  48.02
 1452033;  46.19
 1456678;  43.89
 1461324;  43.75
 1471521;  43.69
 1476104;  44.71
 1480688;  45.33
 1485271;  45.62
 1489854;  44.56
 1494438;  43.21
 1499021;  43.55
 1503604;  43.63
 1508188;  44.14
 1512779;  43.54
 1517395;  42.86
 1522011;  43.13
 1526627;  42.77
 1531243;  42.61
 1535858;  42.36
 1540474;  42.03
 1545090;  40.75
 1549706;  41.75
 1559528;  41.97
 1564139;  40.30
 1568750;  40.80
 1573361;  40.55
 1577972;  40.90
 1582583;  41.24
 1587194;  40.22
 1591806;  39.21
 1596417;  39.35
 1601031;  40.27
 1605656;  39.69
 1610281;  39.56
 1614906;  39.34
 1619531;  38.58
 1624156;  38.88
 1628781;  37.82
 1633406;  36.22
 1638031;  37.32
 1642654;  36.96
 1647270;  35.93
 1651886;  35.69
 1656502;  36.70
 1661118;  37.39
 1665733;  35.71
 1670349;  35.10
 1674965;  34.87
 1679581;  34.85
 1689521;  34.39
 1694104;  34.71
 1698688;  35.54
 1703271;  34.78
 1707854;  33.88
 1712438;  34.68
 1717021;  34.75
 1721604;  33.24
 1726188;  33.03
 1730775;  33.12
 1735377;  32.39
 1739978;  31.95
 1744579;  32.62
 1749180;  32.85
 1753781;  31.86
 1758382;  31.47
 1762984;  31.80
 1767585;  31.23
 1777514;  30.77
 1782069;  31.22
 1786625;  30.88
 1791181;  30.06
 1795736;  31.28
 1800292;  31.02
 1804847;  29.77
 1809403;  30.45
 1813958;  30.06
 1818521;  29.55
 1823104;  29.68
 1827688;  28.89
 1832271;  28.50
 1836854;  29.19
 1841438;  28.60
 1846021;  27.48
 1850604;  28.07
 1855188;  28.21
 1859768;  28.06
 1864340;  27.83
 1868911;  27.26
 1873483;  27.48
 1878055;  27.24
 1882627;  27.00
 1887198;  26.81
 1891770;  27.03
 1896342;  27.11
 1906149;  26.48
 1910746;  26.05
 1915344;  25.52
 1919941;  25.37
 1924538;  25.56
 1929135;  25.82
 1933733;  26.10
 1938330;  25.97
 1942927;  25.10
 1947514;  25.07
 1952071;  24.94
 1956628;  24.79
 1961185;  25.11
 1965743;  24.93
 1970300;  25.05
 1974857;  24.87
 1979414;  24.80
 1983971;  24.42
 1993771;  24.42
 1998354;  24.16
 2002938;  23.74
 2007521;  24.03
 2012104;  23.55
 2016688;  23.78
 2021271;  24.39
 2025854;  24.64
 2030438;  23.84
 2035017;  23.05
 2039587;  23.27
 2044156;  22.79
 2048726;  22.70
 2053295;  22.96
 2057864;  23.19
 2062434;  22.73
 2067003;  22.98
 2071572;  22.57
 2076143;  22.11
 2080715;  23.00
 2085286;  22.58
 2089858;  22.19
 2094429;  22.43
 2099002;  22.31
 2103573;  21.89
 2108145;  22.13
 2112717;  22.15
 2122521;  22.01
 2127104;  21.73
 2131688;  21.35
 2136271;  21.59
 2140854;  21.51
 2145438;  21.44
 2150021;  21.37
 2154604;  20.98
 2159188;  21.25
 2163768;  21.51
 2168340;  21.14
 2172912;  20.76
 2177483;  21.02
 2182055;  21.25
 2186627;  21.16
 2191198;  20.77
 2195770;  20.39
 2200342;  20.53
 2210149;  20.39
 2214747;  20.31
 2219344;  20.26
 2223941;  19.90
 2228538;  19.84
 2233135;  19.78
 2237733;  20.01
 2242330;  20.26
 2246927;  20.22
 2251514;  20.25
 2256069;  19.96
 2260625;  19.60
 2265181;  19.54
 2269736;  19.81
 2274292;  19.76
 2278847;  19.10
 2283403;  19.06
 2287958;  19.59
 2292514;  19.54
 2297071;  19.20
 2301628;  19.44
 2306185;  19.40
 2310742;  19.35
 2315300;  19.31
 2319857;  19.00
 2324414;  18.96
 2328971;  18.53
 2338767;  18.45
 2343337;  18.73
 2347906;  18.68
 2352476;  18.93
 2357045;  19.17
 2361615;  18.58
 2366184;  18.25
 2370753;  18.49
 2375323;  18.44
 2379893;  18.12
 2384465;  18.08
 2389037;  18.58
 2393608;  18.54
 2398180;  17.96
 2402752;  17.93
 2407323;  17.89
 2411895;  17.85
 2416467;  18.12
 2426271;  17.89
 2430854;  17.67
 2435438;  17.91
 2440021;  17.62
 2444604;  17.32
 2449188;  17.83
 2453771;  17.82
 2458354;  17.25
 2462938;  17.49
 2467517;  17.49
 2472087;  17.22
 2476656;  17.18
 2481226;  17.42
 2485795;  17.40
 2490365;  17.10
 2494934;  17.05
 2499503;  17.02
 2504073;  17.26
 2508639;  17.27
 2513196;  17.00
 2517753;  16.95
 2522310;  17.44
 2526867;  17.15
 2531425;  17.13
 2535982;  17.37
 2540539;  16.56
 2545096;  16.48
 2554892;  16.61
 2559462;  16.68
 2564031;  16.92
 2568601;  16.63
 2573170;  16.35
 2577740;  16.59
 2582309;  16.32
 2586878;  16.28
 2591448;  16.26
 2596018;  16.49
 2600590;  16.22
 2605162;  15.94
 2609733;  16.44
 2614305;  16.17
 2618877;  15.91
 2623448;  16.15
 2628020;  16.12
 2632592;  15.89
 2642271;  16.00
 2646854;  15.99
 2651438;  15.97
 2656021;  15.70
 2660604;  15.69
 2665188;  15.68
 2669771;  15.41
 2674354;  15.89
 2678938;  15.64
 2683514;  15.42
 2688069;  15.69
 2692625;  15.69
 2697181;  15.43
 2701736;  15.41
 2706292;  15.15
 2710847;  15.38
 2715403;  15.63
 2719958;  15.10
 2724522;  15.28
 2729108;  15.22
 2733695;  14.95
 2738281;  14.95
 2742867;  14.69
 2747454;  14.67
 2752040;  14.91
 2756627;  15.15
 2761213;  15.03
 2771017;  14.87
 2775587;  14.91
 2780156;  14.90
 2784726;  14.64
 2789295;  14.63
 2793865;  14.87
 2798434;  15.11
 2803003;  15.10
 2807573;  14.61
 2812143;  14.60
 2816715;  14.59
 2821287;  14.33
 2825858;  14.33
 2830430;  14.56
 2835002;  14.55
 2839573;  14.04
 2844145;  14.28
 2848717;  14.69
 2858392;  14.52
 2862962;  14.02
 2867531;  14.01
 2872101;  14.01
 2876670;  14.00
 2881240;  14.23
 2885809;  14.23
 2890378;  14.21
 2894948;  14.21
 2899521;  14.18
 2904104;  13.91
 2908688;  13.66
 2913271;  13.89
 2917854;  13.88
 2922438;  13.88
 2927021;  13.64
 2931604;  13.63
 2936188;  13.63
 2940768;  13.40
 2945340;  14.14
 2949912;  14.13
 2954483;  13.89
 2959055;  13.64
 2963627;  13.39
 2968198;  13.63
 2972770;  13.63
 2977342;  13.28
 2987507;  13.32
 2992035;  13.50
 2996562;  13.50
 3001090;  13.74
 3005618;  13.49
 3010146;  13.50
 3014674;  13.74
 3019201;  13.49
 3023729;  13.23
 3028268;  13.41
 3032840;  13.36
 3037412;  13.11
 3041983;  12.87
 3046555;  12.86
 3051127;  13.09
 3055698;  13.33
 3060270;  13.33
 3064842;  13.10
 3074642;  13.10
 3079212;  12.84
 3083781;  13.09
 3088351;  13.09
 3092920;  13.09
 3097490;  13.34
 3102059;  12.86
 3106628;  12.62
 3111198;  12.86
 3115767;  12.86
 3120337;  12.62
 3124906;  12.62
 3129476;  12.86
 3134045;  12.62
 3138615;  12.62
 3143184;  12.62
 3147753;  12.38
 3152323;  12.63
 3156889;  12.89
 3161446;  12.66
 3166003;  12.42
 3170560;  12.67
 3175117;  12.68
 3179675;  12.43
 3184232;  12.68
 3188789;  12.68
 3193346;  11.93
 3203507;  12.10
 3208035;  12.76
 3212562;  12.52
 3217090;  12.28
 3221618;  12.52
 3226146;  12.52
 3230674;  12.27
 3235201;  12.27
 3239729;  12.50
 3244268;  12.20
 3248840;  12.16
 3253412;  12.41
 3257983;  11.92
 3262555;  11.92
 3267127;  11.93
 3271698;  11.93
 3276270;  12.17
 3280842;  12.08
 3290646;  12.08
 3295229;  11.92
 3299812;  11.68
 3304396;  11.93
 3308979;  11.94
 3313562;  11.70
 3318146;  11.94
 3322729;  11.94
 3327312;  11.70
 3331892;  11.72
 3336462;  11.74
 3341031;  11.99
 3345601;  11.76
 3350170;  11.76
 3354740;  12.02
 3359309;  11.53
 3363878;  11.29
 3368448;  11.78
 3373018;  12.03
 3377590;  11.54
 3382162;  11.55
 3386733;  11.55
 3391305;  11.56
 3395877;  11.81
 3400448;  11.33
 3405020;  11.33
 3409592;  11.36
 3419510;  11.39
 3424052;  11.68
 3428594;  11.43
 3433135;  11.19
 3437677;  11.19
 3442219;  11.45
 3446760;  11.46
 3451302;  11.47
 3455844;  11.21
 3460393;  11.18
 3464965;  11.65
 3469537;  11.66
 3474108;  11.16
 3478680;  11.16
 3483252;  10.92
 3487823;  10.93
 3492395;  11.19
 3496967;  11.02
 3506646;  11.01
 3511229;  10.94
 3515812;  10.95
 3520396;  11.20
 3524979;  11.21
 3529562;  10.97
 3534146;  10.98
 3538729;  10.99
 3543312;  11.01
 3547892;  10.78
 3552462;  10.80
 3557031;  11.05
 3561601;  11.06
 3566170;  10.82
 3570740;  10.57
 3575309;  10.58
 3579878;  10.59
 3584448;  10.85
 3589018;  10.85
 3593590;  10.86
 3598162;  10.61
 3602733;  10.61
 3607305;  10.87
 3611877;  10.38
 3616448;  10.38
 3621020;  10.90
 3625592;  10.56
 3635517;  10.40
 3640087;  10.67
 3644656;  10.68
 3649226;  10.44
 3653795;  10.45
 3658365;  10.71
 3662934;  10.47
 3667503;  10.22
 3672073;  10.48
 3676639;  10.50
 3681196;  10.52
 3685753;  10.27
 3690310;  10.54
 3694867;  10.81
 3699425;  10.56
 3703982;  10.57
 3708539;  10.58
 3713096;  10.24
 3723017;  10.08
 3727587;  10.58
 3732156;  10.33
 3736726;  10.08
 3741295;  10.34
 3745865;  10.35
 3750434;  10.10
 3755003;  10.11
 3759573;  10.11
 3764149;  10.09
 3768747;  10.34
 3773344;   9.83
 3777941;   9.83
 3782538;  10.36
 3787135;  10.37
 3791733;   9.86
 3796330;   9.86
 3800927;  10.41
 3805511;   9.96
 3810053;   9.75
 3814595;  10.03
 3819138;  10.04
 3823680;  10.31
 3828222;  10.32
 3832765;  10.07
 3837307;  10.07
 3841849;  10.01
 3851517;  10.00
 3856087;   9.79
 3860656;   9.80
 3865226;   9.81
 3869795;   9.81
 3874365;   9.82
 3878934;   9.57
 3883503;   9.84
 3888073;   9.85
 3892643;   9.60
 3897215;   9.60
 3901787;   9.88
 3906358;   9.89
 3910930;   9.63
 3915502;   9.64
 3920073;   9.65
 3924645;   9.66
 3929217;   9.57
 3939017;   9.75
 3943587;   9.97
 3948156;   9.44
 3952726;   9.45
 3957295;   9.46
 3961865;   9.47
 3966434;   9.75
 3971003;   9.49
 3975573;   9.49
 3980149;   9.47
 3984747;   9.46
 3989344;   9.47
 3993941;   9.20
 3998538;   9.48
 4003135;   9.49
 4007733;   9.50
 4012330;   9.78
 4016927;   9.26
 4021511;   9.32
 4026053;   9.65
 4030595;   9.11
 4035138;   9.39
 4039680;   9.68
 4044222;   9.69
 4048765;   9.71
 4053307;   9.44
 4057849;   9.17
 4067642;   9.16
 4072212;   9.43
 4076781;   9.16
 4081351;   9.17
 4085920;   9.18
 4090490;   9.19
 4095059;   9.21
 4099627;   9.22
 4104198;   9.51
 4108764;   9.53
 4113321;   9.27
 4117877;   9.29
 4122435;   9.30
 4126993;   9.03
 4131550;   9.04
 4136107;   9.04
 4140663;   9.05
 4145220;   9.18
 4155020;   9.17
 4159604;   8.76
 4164188;   9.05
 4168770;   9.06
 4173354;   8.79
 4177938;   9.08
 4182520;   9.09
 4187104;   9.10
 4191688;   9.11
 4196271;   9.11
 4200854;   9.12
 4205438;   8.85
 4210021;   8.86
 4214604;   8.87
 4219188;   8.88
 4223771;   9.18
 4228354;   8.90
 4232938;   8.64
 4237514;   8.96
 4242071;   8.98
 4246628;   9.00
 4251185;   9.01
 4255743;   9.02
 4260300;   9.03
 4264857;   8.75
 4269414;   8.46
 4273971;   8.73
 4283767;   8.92
 4288337;   8.78
 4292906;   9.09
 4297476;   9.10
 4302045;   8.52
 4306615;   8.23
 4311184;   8.54
 4315753;   8.84
 4320323;   8.85
 4324893;   8.86
 4329465;   8.28
 4334037;   8.59
 4338608;   8.89
 4343180;   8.60
 4347752;   8.61
 4352324;   8.33
 4356895;   8.64
 4361467;   8.40
 4371507;   8.25
 4376035;   8.76
 4380562;   9.07
 4385090;   8.78
 4389618;   8.49
 4394146;   8.80
 4398674;   8.81
 4403201;   8.51
 4407729;   8.81
 4412271;   8.77
 4416854;   8.44
 4421438;   8.45
 4426021;   8.46
 4430604;   8.47
 4435188;   8.48
 4439771;   8.50
 4444354;   8.50
 4448938;   8.83
 4453514;   8.86
 4458071;   8.28
 4462628;   8.29
 4467185;   8.61
 4471743;   8.62
 4476300;   8.32
 4480857;   8.63
 4485414;   8.64
 4489971;   8.05
 4499767;   8.03
 4506622;   8.29
 4515760;   8.51
 4524899;   8.45
 4534038;   8.41
 4538600;   8.35
 4547751;   8.30
 4556894;   8.25
 4566038;   8.20
 4575181;   8.12
 4587628;   8.11
 4592142;   8.16
 4596656;   8.14
 4601170;   8.11
 4605684;   8.66
 4610198;   8.64
 4614712;   8.03
 4619226;   8.01
 4623740;   7.97
 4628271;   7.88
 4632854;   8.37
 4637438;   8.34
 4642021;   7.76
 4646604;   7.74
 4651188;   7.72
 4655771;   8.24
 4660354;   8.22
 4664938;   8.20
 4669514;   8.20
 4674071;   7.64
 4678628;   8.16
 4683185;   8.14
 4687743;   7.57
 4692300;   8.09
 4696857;   8.60
 4701414;   8.04
 4705971;   7.79
 4715767;   8.10
 4720337;   7.92
 4724906;   7.90
 4729476;   7.88
 4734045;   7.85
 4738615;   8.35
 4743184;   8.32
 4747753;   7.78
 4752323;   7.75
 4756893;   8.24
 4761465;   8.21
 4766037;   8.18
 4770608;   7.64
 4775180;   7.62
 4779752;   8.10
 4784324;   8.08
 4788895;   7.55
 4793467;   7.52
 4803507;   7.84
 4808035;   8.03
 4812562;   7.51
 4817090;   7.48
 4821618;   7.96
 4826146;   7.93
 4830674;   7.91
 4835201;   7.89
 4839729;   7.36
 4844271;   7.29
 4848854;   7.72
 4853438;   8.17
 4858021;   8.14
 4862604;   7.64
 4867188;   7.61
 4871771;   7.58
 4876354;   7.56
 4880938;   8.01
 4885514;   7.54
 4890071;   7.52
 4894628;   7.97
 4899185;   7.48
 4903743;   7.46
 4908300;   7.90
 4912857;   7.87
 4917414;   7.39
 4921971;   7.65
 4931642;   7.63
 4936212;   7.74
 4940781;   7.71
 4945351;   7.24
 4949920;   7.67
 4954490;   7.65
 4959059;   7.17
 4963628;   7.60
 4968198;   8.02
 4972772;   7.54
 4977358;   7.06
 4981945;   7.04
 4986531;   7.46
 4991118;   7.88
 4995704;   7.85
 5000290;   7.82
 5004877;   7.37
 5009463;   7.30
 5019507;   7.57
 5024035;   7.80
 5028562;   7.34
 5033090;   7.32
 5037618;   7.73
 5042146;   7.70
 5046674;   7.68
 5051201;   7.23
 5055729;   7.20
 5060271;   7.55
 5064854;   7.50
 5069438;   7.47
 5074021;   7.45
 5078604;   7.43
 5083188;   6.99
 5087771;   6.97
 5092354;   7.77
 5096938;   7.75
 5101514;   7.34
 5106071;   7.33
 5110628;   7.31
 5115185;   7.29
 5119743;   7.27
 5124300;   7.25
 5128857;   7.63
 5133414;   7.61
 5137971;   7.33
 5147764;   7.31
 5152319;   7.11
 5156875;   7.09
 5161431;   7.46
 5165986;   7.44
 5170542;   7.02
 5175097;   7.39
 5179653;   7.75
 5184208;   7.34
 5188772;   7.29
 5193358;   7.25
 5197945;   7.22
 5202531;   7.20
 5207118;   6.80
 5211704;   7.15
 5216290;   7.13
 5220877;   7.11
 5225463;   7.01
 5235507;   7.01
 5240035;   7.49
 5244562;   7.09
 5249090;   7.07
 5253618;   7.05
 5258146;   7.03
 5262674;   7.38
 5267201;   7.35
 5271729;   7.32
 5276271;   7.25
 5280854;   7.20
 5285438;   6.82
 5290021;   6.80
 5294604;   7.48
 5299188;   7.46
 5303771;   7.08
 5308354;   7.06
 5312938;   7.04
 5317514;   7.04
 5322071;   7.04
 5326628;   7.37
 5331185;   7.34
 5335743;   6.97
 5340300;   6.95
 5344857;   6.93
 5349414;   6.91
 5353971;   6.98
 5363764;   6.96
 5368319;   6.82
 5372875;   7.14
 5377431;   7.12
 5381986;   7.09
 5386542;   7.07
 5391097;   6.71
 5395653;   6.69
 5400208;   6.67
 5404772;   6.96
 5409358;   7.24
 5413945;   6.89
 5418531;   6.87
 5423118;   6.85
 5427704;   6.83
 5432290;   7.13
 5436877;   6.79
 5441463;   6.65
 5451507;   6.87
 5456035;   7.11
 5460562;   7.09
 5465090;   7.07
 5469618;   7.04
 5474146;   7.02
 5478674;   7.32
 5483201;   7.29
 5487729;   6.63
 5492271;   6.57
 5496854;   7.14
 5501438;   6.81
 5506021;   6.78
 5510604;   7.08
 5515188;   6.75
 5519771;   6.73
 5524354;   6.71
 5528938;   6.69
 5533514;   6.69
 5538071;   6.99
 5542628;   6.97
 5547185;   6.64
 5551743;   6.92
 5556300;   6.90
 5560857;   6.88
 5565414;   7.16
 5569971;   6.78
 5579767;   6.75
 5584337;   6.75
 5588906;   6.44
 5593476;   6.71
 5598045;   6.98
 5602615;   6.96
 5607184;   6.65
 5611753;   6.62
 5616323;   6.89
 5620893;   6.87
 5625465;   6.56
 5630037;   6.54
 5634608;   6.80
 5639180;   7.06
 5643752;   7.04
 5648324;   6.73
 5652895;   6.43
 5657467;   6.44
 5667507;   6.62
 5672035;   6.69
 5676562;   6.67
 5681090;   6.65
 5685618;   6.63
 5690146;   6.89
 5694674;   6.87
 5699201;   6.57
 5703729;   6.54
 5708271;   6.48
 5712854;   6.70
 5717438;   6.68
 5722021;   6.66
 5726604;   6.64
 5731188;   6.35
 5735771;   6.59
 5740354;   6.57
 5744938;   6.55
 5749514;   6.81
 5754071;   6.54
 5758628;   6.52
 5763185;   6.50
 5767743;   6.48
 5772300;   6.72
 5776857;   6.69
 5781414;   6.67
 5785971;   6.65
 5795771;   6.45
 5800354;   6.30
 5804938;   6.53
 5809521;   6.76
 5814104;   6.74
 5818688;   6.47
 5823271;   6.45
 5827854;   6.68
 5832438;   6.66
 5837018;   6.64
 5841590;   6.38
 5846162;   6.36
 5850733;   6.83
 5855305;   6.81
 5859877;   6.54
 5864449;   6.28
 5869020;   6.50
 5873592;   6.35
 5883510;   6.34
 5888052;   6.69
 5892594;   6.44
 5897135;   6.41
 5901677;   6.40
 5906219;   6.38
 5910760;   6.59
 5915302;   6.57
 5919844;   6.54
 5924392;   6.50
 5928962;   6.23
 5933531;   6.21
 5938101;   6.42
 5942670;   6.63
 5947240;   6.61
 5951809;   6.36
 5956378;   6.34
 5960948;   6.32
 5965518;   6.30
 5970090;   6.50
 5974662;   6.48
 5979233;   6.23
 5983805;   6.44
 5988377;   6.41
 5992949;   6.17
 5997520;   6.37
 6002092;   6.34
 6012028;   6.17
 6016639;   6.24
 6021250;   6.43
 6025861;   6.19
 6030472;   6.17
 6035083;   6.37
 6039694;   6.34
 6044306;   6.11
 6048917;   6.11
 6053507;   6.36
 6058035;   6.38
 6062562;   6.36
 6067090;   6.34
 6071618;   6.32
 6076145;   6.51
 6080673;   6.49
 6085200;   6.26
 6089728;   6.30
 6099514;   6.27
 6104069;   6.13
 6108625;   6.32
 6113181;   6.30
 6117736;   6.07
 6122292;   6.25
 6126847;   6.43
 6131403;   6.21
 6135958;   5.99
 6140517;   6.16
 6145087;   6.33
 6149656;   6.11
 6154226;   5.90
 6158795;   6.27
 6163365;   6.44
 6167934;   6.03
 6172503;   6.21
 6177073;   6.38
 6181643;   6.16
 6186215;   6.14
 6190787;   6.12
 6195358;   6.10
 6199930;   6.27
 6204502;   6.06
 6209074;   5.85
 6213645;   6.21
 6218217;   6.19
 6228028;   6.04
 6232639;   5.89
 6237250;   6.05
 6241861;   6.03
 6246472;   6.01
 6251083;   6.17
 6255694;   6.15
 6260306;   5.95
 6264917;   5.76
 6269507;   6.16
 6274035;   6.36
 6278562;   5.98
 6283090;   5.96
 6287618;   6.12
 6292145;   6.10
 6296673;   6.00
 6303464;   6.02
 6315521;   6.08
 6320104;   6.10
 6324688;   6.09
 6329271;   6.07
 6333854;   6.05
 6338438;   6.04
 6343021;   5.72
 6347604;   5.70
 6352188;   6.29
 6356767;   5.99
 6361337;   5.68
 6365906;   5.96
 6370476;   6.24
 6375045;   6.23
 6379615;   5.92
 6384184;   5.90
 6388753;   5.89
 6393323;   5.87
 6397889;   6.16
 6402446;   6.15
 6407003;   5.84
 6411560;   6.11
 6416118;   6.10
 6420675;   6.08
 6425232;   6.07
 6429789;   6.05
 6434346;   5.83
 6444149;   5.80
 6448747;   5.93
 6453344;   5.64
 6457941;   5.91
 6462538;   5.89
 6467135;   5.60
 6471733;   5.59
 6476330;   5.85
 6480927;   6.12
 6485511;   5.86
 6490053;   5.87
 6494595;   5.86
 6499138;   5.84
 6503680;   5.83
 6508222;   5.54
 6512765;   5.80
 6517307;   6.06
 6521849;   5.97
 6531521;   5.93
 6536104;   5.67
 6540688;   5.66
 6545271;   5.91
 6549854;   5.89
 6554438;   5.88
 6559021;   6.13
 6563604;   6.11
 6568188;   5.83
 6572767;   5.82
 6577337;   5.81
 6581906;   5.80
 6586476;   5.78
 6591045;   5.77
 6595615;   5.75
 6600184;   5.74
 6604753;   5.98
 6609323;   5.97
 6613893;   5.69
 6618465;   5.93
 6623037;   5.66
 6627608;   5.65
 6632180;   5.89
 6636752;   5.62
 6641324;   5.86
 6645895;   6.09
 6650467;   5.84
 6660149;   5.65
 6664747;   5.75
 6669344;   5.73
 6673941;   5.72
 6678538;   5.71
 6683135;   5.69
 6687733;   5.68
 6692330;   5.41
 6696927;   5.90
 6701511;   5.92
 6706053;   5.68
 6710595;   5.67
 6715138;   5.65
 6719680;   5.88
 6724222;   5.87
 6728765;   5.61
 6733307;   5.35
 6737849;   5.68
 6747639;   5.82
 6752194;   5.76
 6756750;   5.75
 6761306;   5.73
 6765861;   5.71
 6770417;   5.70
 6774972;   5.68
 6779528;   5.67
 6784083;   5.65
 6788646;   5.62
 6793229;   5.59
 6797812;   5.80
 6802396;   5.79
 6806979;   5.54
 6811562;   5.53
 6816146;   5.74
 6820729;   5.73
 6825312;   5.49
 6829893;   5.71
 6834465;   5.70
 6839037;   5.46
 6843608;   5.44
 6848180;   5.43
 6852752;   5.64
 6857324;   5.84
 6861895;   5.60
 6866467;   5.54
 6876271;   5.66
 6880854;   5.75
 6885438;   5.51
 6890021;   5.50
 6894604;   5.49
 6899188;   5.48
 6903771;   5.90
 6908354;   5.66
 6912938;   5.22
 6917514;   5.65
 6922071;   5.87
 6926628;   5.63
 6931185;   5.83
 6935743;   5.60
 6940300;   5.58
 6944857;   5.78
 6949414;   5.55
 6953971;   5.54
 6963767;   5.65
 6968337;   5.69
 6972906;   5.47
 6977476;   5.66
 6982045;   5.64
 6986615;   5.63
 6991184;   5.61
 6995753;   5.39
 7000323;   5.58
 7004892;   5.56
 7009462;   5.34
 7014031;   5.33
 7018601;   5.52
 7023170;   5.50
 7027740;   5.49
 7032309;   5.47
 7036878;   5.46
 7041448;   5.65
 7046018;   5.43
 7050590;   5.41
 7055162;   5.40
 7059733;   5.38
 7064305;   5.57
 7068877;   5.55
 7073449;   5.54
 7078020;   5.72
 7082592;   5.62
 7092396;   5.48
 7096979;   5.44
 7101562;   5.62
 7106146;   5.42
 7110729;   5.21
 7115312;   5.39
 7119896;   5.37
 7124479;   5.36
 7129062;   5.54
 7133643;   5.72
 7138215;   5.33
 7142787;   5.31
 7147358;   5.68
 7151930;   5.47
 7156502;   5.27
 7161074;   5.25
 7165645;   5.43
 7170217;   5.45
 7180028;   5.30
 7184639;   5.32
 7189250;   5.49
 7193861;   5.47
 7198472;   5.46
 7203083;   5.26
 7207694;   5.25
 7212306;   5.41
 7216917;   5.58
 7221517;   5.59
 7226087;   5.42
 7230656;   5.40
 7235226;   5.39
 7239795;   5.37
 7244365;   5.36
 7248934;   5.34
 7253503;   5.33
 7258073;   5.31
 7262647;   5.29
 7267233;   5.44
 7271820;   5.60
 7276406;   5.41
 7280993;   5.39
 7285579;   5.55
 7290165;   5.36
 7294752;   5.34
 7299338;   5.23
 7309514;   5.22
 7314069;   5.49
 7318625;   5.47
 7323181;   5.46
 7327736;   5.44
 7332292;   5.26
 7336847;   5.25
 7341403;   5.40
 7345958;   5.54
 7350529;   5.49
 7355145;   5.28
 7359761;   5.26
 7364377;   5.25
 7368993;   5.23
 7373608;   5.38
 7378224;   5.37
 7382840;   5.19
 7387456;   5.28
 7397524;   5.37
 7402122;   5.31
 7406719;   5.14
 7411316;   5.28
 7415913;   5.43
 7420510;   5.41
 7425108;   5.24
 7429705;   5.22
 7434302;   5.36
 7438903;   5.34
 7443514;   5.16
 7448125;   5.15
 7452736;   5.29
 7457347;   5.27
 7461958;   5.26
 7466569;   5.40
 7471181;   5.53
 7475792;   5.22
 7480400;   5.05
 7485002;   5.20
 7489603;   5.33
 7494204;   5.17
 7498805;   5.15
 7503406;   5.28
 7508007;   5.27
 7512609;   5.25
 7517210;   5.15
 7527031;   5.22
 7531656;   5.16
 7536281;   5.29
 7540906;   5.28
 7545531;   5.12
 7550156;   5.11
 7554781;   5.09
 7559406;   5.23
 7564031;   5.21
 7568650;   5.36
 7573252;   5.35
 7577853;   5.19
 7582454;   5.17
 7587055;   5.16
 7591656;   5.14
 7596257;   5.27
 7600859;   5.25
 7605460;   5.05
 7615524;   5.13
 7620122;   5.20
 7624719;   5.18
 7629316;   5.31
 7633913;   5.15
 7638510;   5.13
 7643108;   5.12
 7647705;   5.10
 7652302;   5.22
 7656906;   5.19
 7661531;   5.16
 7666156;   5.15
 7670781;   5.27
 7675406;   5.25
 7680031;   5.23
 7684656;   5.09
 7689281;   4.94
 7693906;   5.19
 7698529;   5.18
 7703145;   5.03
 7707761;   5.02
 7712377;   5.13
 7716993;   4.99
 7721608;   4.97
 7726224;   5.22
 7730840;   5.20
 7735456;   5.04
 7745524;   4.96
 7750122;   5.03
 7754719;   5.14
 7759316;   5.13
 7763913;   5.11
 7768510;   5.22
 7773108;   5.21
 7777705;   5.06
 7782302;   5.05
 7786900;   5.03
 7791502;   5.14
 7796103;   5.12
 7800704;   4.86
 7805305;   4.84
 7809906;   5.08
 7814507;   5.06
 7819109;   5.05
 7823710;   4.96
 7833663;   4.92
 7838316;   5.05
 7842969;   5.03
 7847622;   5.02
 7852274;   5.00
 7856927;   4.98
 7861580;   4.97
 7866233;   4.95
 7870885;   4.95
 7875524;   4.84
 7880122;   4.97
 7884719;   5.07
 7889316;   4.94
 7893913;   4.92
 7898510;   5.02
 7903108;   5.01
 7907705;   4.99
 7912302;   5.09
 7916904;   4.95
 7921520;   4.92
 7926136;   4.91
 7930752;   5.01
 7935368;   5.10
 7939983;   4.97
 7944599;   4.85
 7949215;   4.94
 7953831;   4.96
 7963785;   4.93
 7968424;   5.07
 7973062;   5.06
 7977701;   4.93
 7982340;   4.81
 7986979;   4.90
 7991618;   4.99
 7996257;   4.98
 8000896;   4.97
 8005522;   5.09
 8010108;   4.99
 8014695;   4.86
 8019281;   5.06
 8023868;   4.94
 8028454;   4.82
 8033040;   4.80
 8037627;   5.00
 8042213;   5.01
 8052160;   4.84
 8056799;   4.88
 8061438;   4.96
 8066076;   4.95
 8070715;   4.93
 8075354;   4.81
 8079993;   4.90
 8084632;   4.99
 8089271;   4.87
 8093910;   4.95
 8098549;   4.94
 8103188;   4.72
 8107826;   4.81
 8112465;   4.99
 8117104;   4.87
 8121743;   4.86
 8126382;   4.84
 8131021;   4.93
 8135658;   4.91
 8140288;   4.80
 8144919;   4.98
 8149549;   4.97
 8154180;   4.85
 8158811;   4.84
 8163441;   4.92
 8168072;   5.00
 8172702;   4.90
 8182531;   4.88
 8187156;   4.74
 8191781;   4.73
 8196406;   4.90
 8201031;   4.88
 8205656;   4.77
 8210281;   4.76
 8214906;   4.74
 8219531;   4.82
 8224157;   4.89
 8228788;   4.78
 8233419;   4.76
 8238049;   4.84
 8242680;   4.91
 8247311;   4.90
 8251941;   4.88
 8256572;   4.95
 8261201;   4.87
 8271031;   4.80
 8275656;   4.80
 8280281;   4.78
 8284906;   4.76
 8289531;   4.84
 8294156;   4.82
 8298781;   4.80
 8303406;   4.70
 8308031;   4.60
 8312656;   4.84
 8317281;   4.82
 8321906;   4.81
 8326531;   4.96
 8331156;   4.86
 8335781;   4.76
 8340406;   4.74
 8345031;   4.72
 8349656;   4.79
 8354282;   4.77
 8358913;   4.75
 8363544;   4.74
 8368174;   4.72
 8372805;   4.71
 8377436;   4.77
 8382066;   4.92
 8386697;   4.74
 8391327;   4.62
 8401524;   4.61
 8406121;   4.78
 8410719;   4.77
 8415316;   4.67
 8419913;   4.73
 8424510;   4.80
 8429108;   4.86
 8433705;   4.84
 8438302;   4.82
 8442908;   4.79
 8447538;   4.76
 8452169;   4.74
 8456799;   4.80
 8461430;   4.63
 8466061;   4.61
 8470691;   4.75
 8475322;   4.73
 8479952;   4.72
 8489906;   4.71
 8494531;   4.74
 8499156;   4.73
 8503781;   4.56
 8508406;   4.69
 8513031;   4.75
 8517656;   4.66
 8522281;   4.64
 8526906;   4.62
 8531542;   4.58
 8536208;   4.62
 8540875;   4.75
 8545542;   4.66
 8550208;   4.50
 8554875;   4.56
 8559542;   4.68
 8564208;   4.74
 8568875;   4.80
 8573533;   4.73
 8578163;   4.72
 8582794;   4.70
 8587424;   4.76
 8592055;   4.81
 8596686;   4.72
 8601316;   4.70
 8605947;   4.62
 8610577;   4.69
 8620413;   4.76
 8625066;   4.79
 8629719;   4.84
 8634371;   4.69
 8639024;   4.61
 8643677;   4.79
 8648330;   4.64
 8652983;   4.55
 8657635;   4.73
 8662290;   4.52
 8666950;   4.50
 8671610;   4.67
 8676270;   4.72
 8680930;   4.70
 8685590;   4.62
 8690250;   4.67
 8694910;   4.65
 8699570;   4.71
 8709542;   4.73
 8714208;   4.56
 8718875;   4.55
 8723542;   4.59
 8728208;   4.64
 8732875;   4.68
 8737542;   4.66
 8742208;   4.70
 8746875;   4.68
 8751549;   4.53
 8756243;   4.50
 8760938;   4.60
 8765632;   4.58
 8770326;   4.57
 8775021;   4.55
 8779715;   4.53
 8784410;   4.57
 8789104;   4.55
 8793797;   4.54
 8798487;   4.58
 8803176;   4.56
 8807866;   4.43
 8812555;   4.47
 8817244;   4.56
 8821934;   4.66
 8826623;   4.75
 8831313;   4.59
 8841545;   4.51
 8846226;   4.51
 8850906;   4.55
 8855587;   4.59
 8860267;   4.57
